url_path,views_total,views_unique
/CERTCC/kaiju,15,14
/certcc/kaiju,8,7
/CERTCC/kaiju/blob/main/docs/GhiHorn.md,7,7
/CERTCC/kaiju/blob/main/README.md,4,4
/CERTCC/kaiju/releases/tag/260910,4,3
/CERTCC/kaiju/issues/4,3,3
/CERTCC/kaiju/blob/main/LICENSE.md,2,2
/CERTCC/kaiju/releases,2,2
/CERTCC/kaiju/blob/main/docs/DisAsmImprovements.md,2,1
/CERTCC/kaiju/blob/main/docs/HeadlessKaiju.md,2,1
